ref	var
7708842	3269261
113339	54227
30612	16368
15771	8055
8813	4714
5360	2905
3301	1904
2248	1272
1954	990
1254	710
1022	570
917	456
573	377
443	275
384	238
469	219
267	133
195	109
151	88
94	59
115	70
91	58
76	49
75	36
50	30
32	22
32	18
34	15
25	16
29	15
15	14
20	10
12	13
11	7
12	6
5	5
4	6
6	2
4	4
3	0
3	8
2	2
11	2
1	0
1	2
1	0
1	1
2	1
0	0
0	2
1	0
2	1
2	0
0	0
0	0
0	0
1	0
1	0
1	0
0	1
0	1
0	0
0	0
0	0
0	0
0	0
0	0
0	0
0	0
0	0
0	0
0	0
0	0
0	0
0	0
0	0
0	0
0	0
0	0
0	0
0	0
0	0
0	0
0	0
0	0
0	0
0	0
0	0
0	0
0	0
0	0
0	0
0	0
0	0
0	0
0	1
0	0
0	0
0	0
0	0
1	0
