-Summary_GAGTCCGAGCAGAAGAAGAANNN
EAS	0,0	0,0	1,0	8,15	36,157	0,1578	0,0	0,0	0,0	0,0
EUR	0,0	0,0	0,0	10,7	35,154	0,1622	0,0	0,0	0,0	0,0
AFR	0,0	0,0	1,0	9,15	65,259	0,2841	0,0	0,0	0,0	0,0
AMR	0,0	0,0	1,0	9,14	43,188	0,1881	0,0	0,0	0,0	0,0
SAS	0,0	0,0	0,0	9,9	31,182	0,1806	0,0	0,0	0,0	0,0
-Summary_CCATCGGTGGCCGTTTGCCCNNN
EAS	0,0	0,0	0,1	0,1	9,32	0,343	0,0	0,0	0,0	0,0
EUR	0,0	0,0	0,1	0,2	8,38	0,370	0,0	0,0	0,0	0,0
AFR	0,0	1,0	0,2	0,2	10,60	0,626	0,0	0,0	0,0	0,0
AMR	0,0	0,0	0,1	0,2	11,37	0,404	0,0	0,0	0,0	0,0
SAS	0,0	0,0	0,1	1,1	10,34	0,403	0,0	0,0	0,0	0,0
